lat_north = 30.173803
lat_south = 30.172855
lon_east  = -85.751872
lon_west  = -85.753901
datum_lat = 30.173803
datum_lon = -85.751872