img_centx   = 0.495850  
img_centy   = 0.509000
img_meters  = 0.048828
