lat_north = 43.826105
lat_south = 43.822142
lon_east  = -70.326919
lon_west  = -70.332412
datum_lat = 43.825300
datum_lon = -70.330400
//datum_lat = 43.824000
//datum_lon = -70.330000
